<?xml version="1.0"?>
<opencv_storage>
<calibration_Time>"03/18/14 11:03:13"</calibration_Time>
<nrOfFrames>40</nrOfFrames>
<image_Width>1280</image_Width>
<image_Height>720</image_Height>
<board_Width>9</board_Width>
<board_Height>6</board_Height>
<square_Size>30.</square_Size>
<flagValue>0</flagValue>
<Camera_Matrix type_id="opencv-matrix">
  <rows>3</rows>
  <cols>3</cols>
  <dt>d</dt>
  <data>
    7.6941799976070808e+002 0. 6.6226640514173471e+002 0.
    7.7041463560017587e+002 3.8074955030167484e+002 0. 0. 1.</data></Camera_Matrix>
<Distortion_Coefficients type_id="opencv-matrix">
  <rows>8</rows>
  <cols>1</cols>
  <dt>d</dt>
  <data>
    7.6024414976869639e-002 -1.9891637571427417e-001
    -1.2283943741044252e-004 1.4918177152352218e-003
    5.1841346718580361e-001 0. 0. 4.5226189213407669e-001</data></Distortion_Coefficients>
<Avg_Reprojection_Error>3.5652846682315531e-001</Avg_Reprojection_Error>
<Per_View_Reprojection_Errors type_id="opencv-matrix">
  <rows>40</rows>
  <cols>1</cols>
  <dt>f</dt>
  <data>
    2.57328331e-001 2.51535296e-001 3.75044584e-001 3.71679455e-001
    3.02739739e-001 2.93265462e-001 2.71711081e-001 3.13846201e-001
    3.36769104e-001 3.84093434e-001 2.16305315e-001 2.35946462e-001
    2.75214732e-001 3.99828672e-001 4.46476609e-001 4.31885988e-001
    5.08992434e-001 2.79416323e-001 2.09733799e-001 2.60323584e-001
    5.35759568e-001 4.97505665e-001 4.35168982e-001 4.69058245e-001
    2.77012587e-001 2.89441794e-001 2.47961238e-001 2.76507378e-001
    3.49947542e-001 3.77624840e-001 4.08328712e-001 3.25305790e-001
    5.51723182e-001 2.56628036e-001 2.65172482e-001 4.18386132e-001
    3.57170910e-001 3.31449091e-001 3.67304504e-001 3.52814138e-001</data></Per_View_Reprojection_Errors>
<!-- a set of 6-tuples (rotation vector + translation vector) for each view -->
<Extrinsic_Parameters type_id="opencv-matrix">
  <rows>40</rows>
  <cols>6</cols>
  <dt>d</dt>
  <data>
    6.1588822786874131e-001 2.0310100455169719e-001
    3.0594127009644052e+000 2.0528180772281769e+002
    1.1089694835735061e+002 3.4798392525624467e+002
    -6.0791254845997145e-001 -2.4329311373950353e-002
    -3.0608784493596599e+000 2.0856490784091918e+002
    4.3801517898143288e+001 3.3770481327443105e+002
    -8.6481002046234476e-002 3.8520393303442453e-003
    -3.1365674638757590e+000 2.3119561243496101e+000
    3.8159659789290771e+001 3.5433182796387956e+002
    6.7845414704806928e-002 1.9140185507352586e-001
    3.1059665545202582e+000 -1.1116946614108869e+001
    1.0124081240107860e+002 3.5578616789049283e+002
    7.9138563999088907e-001 2.4421829346486928e-001
    2.9824703485406787e+000 3.5327120695682021e+002
    1.7612974587169856e+002 5.2176996129937822e+002
    2.5347005847044979e-001 2.5335636274424889e-001
    -3.1031809898999958e+000 -1.2342328181565807e+002
    -1.2780864188754508e+001 5.0835366829405666e+002
    -1.4671290184504271e-001 1.0967440901328583e-001
    3.1216360614548333e+000 -1.2613230690709430e+002
    1.7495091638998719e+002 5.0878274296227573e+002
    -1.1982506733674707e+000 2.7542126171753369e-002
    -2.8819908625277737e+000 1.9272479986019681e+002
    3.5585631414263247e+001 3.8345741930330240e+002
    -8.4543754651946135e-001 -4.9571613917315058e-002
    -3.0114172826045595e+000 6.9576442263056407e+001
    5.8760161687675847e+001 4.2660997746981002e+002
    3.4132056384551340e-001 2.9187830305617463e-001
    3.0663570313446029e+000 -1.0589336031302679e+002
    1.4403918210355829e+002 4.3049221198609007e+002
    9.4461900743086313e-001 -4.5938173586966259e-002
    3.0001800201241151e+000 2.8399254007873049e+002
    -2.1146456827179431e+001 4.8174411033157008e+002
    9.8128638506597887e-001 2.6609983801947529e-001
    2.9157495729155580e+000 2.9570186242463183e+002
    1.0563006429953671e+002 4.7096432488481543e+002
    -5.1694025393403890e-002 1.3488494162168632e-001
    3.1284301132984060e+000 -1.1915238004397999e+002
    7.0738935769845853e+001 5.1478414068060954e+002
    -1.2344127883296656e+000 -6.5720015363992879e-003
    -2.8229596497179830e+000 1.1555870838594015e+002
    6.5039193338192604e+001 3.4036037244999062e+002
    -8.2610845094279450e-001 5.9600643938357442e-002
    -2.9876516685741161e+000 -7.3890385515679455e+001
    3.4992937012109529e+001 4.0063223197764415e+002
    -1.4067840737198598e+000 2.0839949778988662e-002
    -2.7574580960703887e+000 1.6763179274030929e+002
    7.4821539873350829e+001 3.1421052879935456e+002
    -1.2846624051777544e+000 6.9057819354460870e-002
    -2.8501611721788032e+000 8.4463345067464616e+001
    7.9330081079021426e+001 2.9378094162355609e+002
    2.0923524865899981e-001 7.3902814296187752e-002
    -3.1211526295506884e+000 -8.2565748286407356e+001
    3.2387495772707624e+001 4.6372808990125202e+002
    -5.3316016828471580e-001 -5.9065437061040123e-002
    -3.0706562875523247e+000 2.0200749090604452e+002
    6.1156910016754779e+001 4.7499123965585619e+002
    -1.3986457931418553e-001 -1.7720509936259874e-002
    3.1214447298317269e+000 -7.6482103721470423e+001
    4.6238169122645324e+001 4.8263696836047927e+002
    6.1702649078052318e-001 1.3545618848187304e-002
    3.0835140747609691e+000 -1.1105415938973610e+002
    5.3426010077937264e+001 3.4574376572055513e+002
    -4.1034720726357672e-002 6.4188468640313051e-002
    3.1193150548435771e+000 5.1244231925169309e+001
    6.8675151274634388e+001 2.7093308131373743e+002
    3.4755760502134536e-001 6.9849024084293165e-002
    3.0995558607138984e+000 1.4770516177070988e+002
    7.2180005757286111e+001 2.5474803395338739e+002
    -1.8990534646099752e-001 -2.4405860327123385e-002
    -3.1025370291897660e+000 1.0661287343866299e+002
    6.0215852516500370e+001 2.6254092294250040e+002
    -8.5584342950422099e-001 -7.0102808546357323e-002
    -2.9394428906610690e+000 1.5658427735404791e+002
    7.8699345984609252e+001 4.2924499026741097e+002
    -1.1339620315968724e+000 -8.9218066399093923e-002
    -2.9104249313086643e+000 2.4764153846105637e+002
    7.8130099257658159e+001 3.8556215645111752e+002
    -9.6105377283620619e-001 -6.8167931180516964e-002
    -2.9732450611704784e+000 2.6994313927214046e+002
    7.2597354809006376e+001 4.2369689560577609e+002
    -7.6431403934531661e-001 -2.4947570305615765e-003
    -3.0248827705744779e+000 2.2203302988130343e+002
    7.7956388840206913e+001 3.4519895986397262e+002
    2.2375005437302495e-001 -6.1779615613009681e-002
    3.1287747040180709e+000 -5.9291627915705305e+001
    1.8460530987151493e+001 4.1487050033087206e+002
    2.0820119795336672e-001 3.5493451022723549e-001
    3.0610385613944593e+000 -5.3959037367478039e+001
    1.0446549455637614e+002 3.7352783299091993e+002
    -1.5983109036800794e-001 -3.2408340465679364e-002
    -3.0809616582946071e+000 -8.2091460671462329e+001
    1.0823712830657485e+001 3.8389101430788520e+002
    -1.0843733698924702e+000 -4.1144385522296011e-002
    -2.9188175868963615e+000 2.1141988697592993e+002
    3.0597715157382048e+001 3.4665349287870987e+002
    -1.4921907427080809e+000 3.2437204510530815e-003
    -2.6787058490763336e+000 1.0818624955164653e+002
    7.6223993490854454e+001 2.5808240080872315e+002
    -3.1362856653010573e-001 -1.7137555862129186e-001
    -3.0473875882345705e+000 1.3060533951007773e+002
    -6.4163752946707060e+000 4.6083643472437359e+002
    -1.3748472800371753e-001 -6.5105210848323702e-001
    -3.0653090130104568e+000 5.5483967450637948e+001
    1.4617727076174222e+002 4.4584083291600462e+002
    -2.6257264672726533e-002 -7.5251017919833552e-001
    -3.0390699755231805e+000 9.0990161105156950e+000
    1.0044583443775447e+002 3.2070029732280329e+002
    7.0081682632666031e-001 4.8247028421173449e-001
    2.9656615670252493e+000 1.6610332030413849e+002
    3.7553105292242776e+001 2.9619882248837979e+002
    1.1472605177853172e+000 2.0885773184325088e-001
    2.8871015898264512e+000 2.0792008540064290e+002
    5.2916292421068185e+001 3.2559447035611339e+002
    -8.0643460103359621e-001 -8.3934642002913853e-002
